50432
50433
50434
50435
50436
50437
50438
50439
50443
50447
50449
50450
50451
50454
50456
50459
50460
50461
50467
50472
50473
50474
50475
50476
50477
50478
50481
50483
50484
50486
50489
50490
50498
50500
50504
50509
50510
50511
50512
50513
50514
50515
50516
50517
50519
50521
50522
50523
50527
50528
50530
50532
51201
51202
51203
51204
51205
51206
51208
51210
51211
51212
51217
51218
51220
51222
51223
51224
51225
51227
51229
51236
51237
51239
51240
51248
51250
51251
51254
51255
51256
51257
51260
51261
51263
51265
51266
51268
51269
51272
51273
51275
51276
51291
51293
51294
51297
51299
51300
51301
51312
51313
51314
51315
51316
51317
50964
50966
50972
50973
50974
50976
50981
50984
50985
50988
50990
50994
50995
50996
50997
50998
50999
51007
51008
51017
51018
51019
51023
51025
51026
51066
51073
51074
51075
51076
51077
51095
51096
51097
51098
51099
51100
51101
51102
51103
51104
51105
51106
51107
51108
51109
51110
51111
51112
51113
51114
51115
51124
51125
51126
51127
51128
51129
51130
51131
51146
51147
51148
51149
51150
51151
51152
51156
51159