77 254
2 3 4 5 6 7 8 9 10 12 
1 
1 4 12 
1 3 12 
1 
1 
1 
1 
1 
1 
12 
11 4 3 1 13 14 15 16 24 25 26 27 28 29 30 32 33 34 35 36 37 38 39 44 45 49 50 52 56 59 65 69 70 71 72 73 
12 24 
12 
12 
12 
18 19 20 21 22 23 24 27 56 
17 19 20 21 22 23 24 
17 18 20 21 22 23 24 
17 18 19 21 22 23 24 
17 18 19 20 22 23 24 
17 18 19 20 21 23 24 
17 18 19 20 21 22 24 
17 18 19 20 21 22 23 13 12 25 26 28 30 31 32 
24 12 26 27 28 42 43 51 69 70 71 
25 24 12 27 28 40 41 42 43 49 56 69 70 71 72 76 
25 12 17 26 28 44 50 52 55 56 73 
12 24 26 25 27 29 30 32 34 44 49 59 69 70 71 72 73 
12 28 45 46 
24 28 12 35 36 37 38 39 
24 32 
31 12 24 28 
12 
12 28 
12 30 36 37 38 39 
12 35 30 37 38 39 
35 36 12 30 38 39 
35 36 37 12 30 39 
35 36 37 38 12 30 
26 53 56 
26 
25 26 43 56 58 63 69 70 71 72 76 
42 26 25 
12 27 28 
29 12 
29 
48 
47 49 
48 26 28 12 56 58 59 60 61 62 63 64 65 66 67 69 70 72 74 75 76 77 
27 12 51 52 55 56 57 
50 25 
50 27 12 53 54 55 56 
52 40 
52 
52 50 27 56 
52 50 40 55 27 12 17 26 42 49 57 58 59 60 62 63 64 65 66 
50 56 
56 42 49 59 60 62 63 64 65 66 68 
56 49 28 58 12 60 61 62 63 64 65 66 67 71 77 
59 56 49 58 61 62 63 64 65 66 67 
49 59 60 62 63 64 65 66 67 
49 59 61 60 58 56 63 64 65 66 67 
56 59 60 49 58 42 62 61 64 65 66 67 77 
60 49 63 58 59 62 61 56 65 66 67 77 
56 63 49 64 59 62 61 60 58 12 66 67 77 
64 65 49 63 59 62 61 60 58 56 67 77 
65 59 60 63 66 49 64 62 61 77 
58 
26 12 25 28 49 42 70 71 72 76 
26 69 12 25 28 49 42 71 72 76 
26 70 69 12 25 28 42 59 72 76 
28 70 69 71 12 49 42 26 76 
27 28 12 
49 75 
49 74 
70 69 26 49 42 71 72 
65 66 67 64 63 49 59 
